Približki, dobljeni z metodo RK3:

ans =

  Columns 1 through 6

   1   0.9948333333   0.9786852196   0.9506623042   0.9100646264   0.8565034563
   0  -0.1049635167  -0.2194514872  -0.3420928858  -0.4703738883  -0.6006041707

  Columns 7 through 10

   0.7900111277   0.7111168252   0.6208634736   0.5207519014
  -0.7281203947  -0.8477588415  -0.9545379133  -1.0443952883


Dovolj točni približki, dobljeni z ukazoma ode45 in deval:

ans =

  Columns 1 through 6

   1   0.9948339542   0.9786877209   0.9506684913   0.9100766777   0.8565235220
   0  -0.1049685806  -0.2194619833  -0.3421086702  -0.4703944543  -0.6006290507

  Columns 7 through 10

   0.7900407476   0.7111563383   0.6209116629   0.5208060637
  -0.7281496823  -0.8477935487  -0.9545798959  -1.0444467016

