f = @(x,y) x+y-1;
x= linspace(0,1,5);
y0 = 1;

y = heun(x,f,y0);

y =

   1   1.03125   1.1416015625   1.35330200195   1.69485569000


y = rk3(x,f,y0);

y =

   1   1.03385416667   1.14828152127   1.3661530989   1.71683197335