% 1.NALOGA
% RK4
Izračunani približki za r = 0:

y =

              0
   1.1044817061
   0.1727096764
  -1.3219909216
  -0.4176211602
   1.5494141525
   0.7523699525
  -1.7747898006
  -1.1964043219
   1.9807119777
   1.7710275627

Izračunani približki za r = 1:

y =

              0
   0.7166672100
   1.1025260072
   0.9040940330
   0.1723850487
  -0.7339797015
  -1.3196738118
  -1.2190215809
  -0.4168853915
   0.7058884178
   1.5466736268
   1.5992863070
   0.7510146749
  -0.6121180771
  -1.7716854914
  -2.0490770841
  -1.1942979552
   0.4272651576
   1.9772117493
   2.5695556463
   1.7678656222

Globalne napake za r = 0,1,2,3,4:

r = 0
napaka = 0.0037213014

r = 1
napaka = 2.8825319677e-04

r = 2
napaka = 1.7803146809e-05

r = 3
napaka = 1.1096360790e-06

r = 4
napaka = 6.93113393346e-08


% Heunova metoda
Izračunani približki za r = 0:

y =

   0.0000000000 
   0.8836325236 
   0.1340250401 
  -1.0628838974 
  -0.3349316633 
   1.2402640200 
   0.5968427002 
  -1.4283539018 
  -0.9598387848 
   1.5862056849 
   1.4111695846

Izračunani približki za r = 1:

y =

   0.0000000000 
   0.6822012598 
   1.0493541589 
   0.8602280249 
   0.1635003841 
  -0.6993418269 
  -1.2567498170 
  -1.1606912121 
  -0.3968927025 
   0.6719685841 
   1.4721732455 
   1.5219276853 
   0.7140953684 
  -0.5836790297 
  -1.6874043186 
  -1.9511340918 
  -1.1370672643 
   0.4067497312 
   1.8820690426 
   2.4455115659 
   1.6818174903


Globalne napake za r = 0,1,2,3,4:

r = 0
napaka = 0.3431358166

r = 1
napaka = 0.0977154550

r = 2
napaka = 0.0243187975

r = 3
napaka = 0.0061847925

r = 4
napaka = 0.0015465705


% 2.NALOGA

t = 

0.0 
0.1 
0.2 
0.3 
0.4 
0.5 
0.6 
0.7 
0.8 
0.9 
1.0 
1.1 
1.2 
1.3 
1.4 
1.5 
1.6 
1.7 
1.8 
1.9 
2.0 
2.1 
2.2 
2.3 
2.4 
2.5 
2.6 
2.7 
2.8 
2.9 
3.0 
3.1 
3.2 
3.3 
3.4 
3.5 
3.6 
3.7 
3.8 
3.9 
4.0 
4.1 
4.2 
4.3 
4.4 
4.5 
4.6 
4.7 
4.8 
4.9 
5.0


stevilo_plenov = 

   2 
   2.5473491500 
   4.4519106047 
   8.8402436356 
  16.8529932218 
  19.1237202521 
   6.1478166778 
   2.4368116973 
   2.0727430187 
   2.9538278281 
   5.4228075720 
  10.8233440143 
  19.1456449772 
  15.4793838543 
   4.5699925844 
   2.1658230607 
   2.1611529941 
   3.3510190003 
   6.3827902777 
  12.7282201387 
  20.4896424068 
  12.0246866909 
   3.8527154694 
   2.2198841312 
   2.4889669791 
   4.0509002807 
   7.7647293767 
  14.8502772924 
  19.5936858020 
   8.1664988018 
   3.1074716519 
   2.3298093061 
   3.0286420540 
   5.2413439908 
  10.0597885607 
  17.5308062352 
  15.7866880246 
   5.3447995068 
   2.5456638929 
   2.4348713351 
   3.6240897569 
   6.6555861563 
  12.7405105499 
  19.2410703604 
  11.1374414416 
   3.9893120828 
   2.4917954918 
   2.8590912649 
   4.6255711244 
   8.6436494443 
  15.5572048945


stevilo_plenilcev = 

  10 
   5.5935508500 
   3.5180082964 
   2.9966819423 
   4.7696392014 
  15.0414772753 
  23.6743319818 
  15.2178963936 
   8.4589703799 
   4.8428367806 
   3.2536576037 
   3.2040621460 
   6.4700052804 
  19.0547203995 
  21.9598331386 
  13.2113892241 
   7.2981638256 
   4.2762025099 
   3.0661701501 
   3.4801675361 
   8.5817238862 
  21.4643977557 
  19.6498061529 
  11.6101422729 
   6.5406917303 
   4.0269211037 
   3.1963978809 
   4.3479761716 
  12.1093700886 
  22.6002625419 
  16.5277374878 
   9.5746898301 
   5.5709845373 
   3.7286222756 
   3.5146822190 
   6.2800616377 
  17.1417209159 
  21.3559273608 
  13.5748687369 
   7.7344426953 
   4.6552527587 
   3.4327205101 
   3.9697473636 
   9.2910052829 
  20.6661052576 
  18.4556374136 
  11.1632799835 
   6.4893971471 
   4.1844554973 
   3.5727017337 
   5.3184368016

% napake (absolutna vrednost razlike približka dobljenega po metodi RK4 in ode45)

napake_stevilo_plenov =

              0
   0.0081473578
   0.0195192307
   0.0433166265
   0.0485518191
   0.1108139576
   0.0285466863
   0.0584230265
   0.0246311480
   0.0152519741
   0.0021925837
   0.0379946788
   0.1038883293
   0.2090029868
   0.2673837263
   0.0473370497
   0.0264460372
   0.0979356098
   0.2344890365
   0.4480110434
   0.1284864286
   1.1159228687
   0.6544553887
   0.2093677573
   0.0698989048
   0.0623833083
   0.3417057433
   0.8835144360
   0.4633311355
   0.7976205671
   0.5437300884
   0.3150051112
   0.2769861154
   0.2761235800
   0.1324536062
   0.7301527408
   1.3547815503
   0.3155318104
   0.3324623648
   0.3212117756
   0.4222560560
   0.6106825890
   0.6452587570
   0.9428558611
   1.6981402559
   0.3670712235
   0.4482835374
   0.5560448484
   0.8324817471
   1.2467789589
   0.9931983093

napake_stevilo_plenilcev =

              0
   0.0025876238
   0.0000810773
   0.0011105728
   0.0002422756
   0.1291315034
   0.3691135119
   0.0327506236
   0.0511960408
   0.0427956436
   0.0354826645
   0.0417647559
   0.0741131825
   0.7911506032
   0.4960085771
   0.3634763416
   0.2097782454
   0.1017256632
   0.0295489748
   0.0700896273
   0.4889467202
   1.5208819015
   0.7006396400
   0.7960905500
   0.5325136475
   0.3344202146
   0.2176859119
   0.0688708449
   0.9340718734
   1.0875699390
   0.2054511975
   0.4856147753
   0.4367625722
   0.3901868111
   0.4494386118
   0.7227110649
   0.6844792998
   1.0666596573
   0.2900159950
   0.0835805217
   0.2180230947
   0.3290393185
   0.6277061171
   1.5787134483
   1.1897359059
   1.6655893692
   0.5278016867
   0.0222335667
   0.2915380757
   0.5841050032
   1.4204537370

